   0	120.0000
   1	114.0000
   2	110.0100
   3	107.2570
   4	105.3111
   5	103.9128
   6	102.8963
   7	102.1513
   8	101.6019
   9	101.1950
  10	100.8927
  11	100.6675
  12	100.4995
  13	100.3740
  14	100.2802
  15	100.2099
  16	100.1573
  17	100.1179
  18	100.0884
  19	100.0663
  20	100.0497
  21	100.0373
  22	100.0280
  23	100.0210
  24	100.0157
  25	100.0118
  26	100.0088
  27	100.0066
  28	100.0050
  29	100.0037
  30	100.0028
  31	100.0021
  32	100.0016
  33	100.0012
  34	100.0009
  35	100.0007
  36	100.0005
