   0	 2.0000
   1	 2.4900
   2	 3.0970
   3	 3.8473
   4	 4.7721
   5	 5.9082
   6	 7.2980
   7	 8.9893
   8	11.0346
   9	13.4888
  10	16.4062
  11	19.8348
  12	23.8100
  13	28.3452
  14	33.4228
  15	38.9858
  16	44.9326
  17	51.1184
  18	57.3652
  19	63.4796
  20	69.2754
  21	74.5965
  22	79.3340
  23	83.4328
  24	86.8884
  25	89.7366
  26	92.0391
  27	93.8709
  28	95.3092
  29	96.4269
  30	97.2883
  31	97.9478
  32	98.4503
  33	98.8317
  34	99.1204
  35	99.3384
  36	99.5027
  37	99.6264
  38	99.7194
  39	99.7894
  40	99.8419
  41	99.8814
  42	99.9110
  43	99.9332
  44	99.9499
  45	99.9624
  46	99.9718
  47	99.9789
  48	99.9841
  49	99.9881
  50	99.9911
