   0	 2.0000	120.0000
   1	 2.4900	114.0000
   2	 3.0970	110.0100
   3	 3.8473	107.2570
   4	 4.7721	105.3111
   5	 5.9082	103.9128
   6	 7.2980	102.8963
   7	 8.9893	102.1513
   8	11.0346	101.6019
   9	13.4888	101.1950
  10	16.4062	100.8927
  11	19.8348	100.6675
  12	23.8100	100.4995
  13	28.3452	100.3740
  14	33.4228	100.2802
  15	38.9858	100.2099
  16	44.9326	100.1573
  17	51.1184	100.1179
  18	57.3652	100.0884
  19	63.4796	100.0663
  20	69.2754	100.0497
  21	74.5965	100.0373
  22	79.3340	100.0280
  23	83.4328	100.0210
  24	86.8884	100.0157
  25	89.7366	100.0118
  26	92.0391	100.0088
  27	93.8709	100.0066
  28	95.3092	100.0050
  29	96.4269	100.0037
  30	97.2883	100.0028
  31	97.9478	100.0021
  32	98.4503	100.0016
  33	98.8317	100.0012
  34	99.1204	100.0009
  35	99.3384	100.0007
  36	99.5027	100.0005
